Aperture (radius, pixels) = 2
Sky Annulus (inner and outer radius, pixels) = 6, 8
------------------------------
Normalized Differential Photometry (Units = Flux), Target (Units = Flux), Comparison0 (Units = Flux), Comparison1 (Units = Flux), Comparison2 (Units = Flux), Comparison3 (Units = Flux), 
0.421721, 1253.676302, 279.679980, 294.023470, 1914.154036, 484.905566
0.416375, 1253.860286, 282.501595, 308.604036, 1931.771745, 488.493848
0.417514, 1238.465755, 281.092773, 295.658659, 1903.288802, 486.246387
0.426714, 1213.054688, 267.495378, 286.186654, 1831.575000, 457.523828
0.424920, 1240.102865, 282.299967, 287.919141, 1876.710417, 471.512240
0.418826, 1208.031120, 268.502295, 286.739681, 1865.343359, 463.741211
0.419956, 1174.127344, 262.744727, 273.129492, 1811.308724, 448.648958
0.417348, 1245.007682, 280.366439, 294.693490, 1934.937500, 473.143945
0.426995, 1239.166146, 270.363835, 279.161068, 1890.514583, 462.024414
0.419762, 1206.975521, 270.212028, 284.523470, 1859.733464, 460.913900
0.424927, 1194.503516, 259.343441, 276.911523, 1820.824740, 454.000846
0.427536, 1202.813411, 259.720996, 286.331641, 1817.927734, 449.383203
0.428614, 1285.570964, 286.450260, 301.864128, 1933.270052, 477.782227
0.418905, 1226.424219, 271.510075, 293.928841, 1899.191276, 463.060872
0.420478, 1222.145182, 268.831820, 291.060645, 1879.350781, 467.319141
0.432230, 1218.193750, 268.342090, 280.280339, 1822.023307, 447.743913
0.432376, 1232.050911, 265.784082, 285.308789, 1849.806120, 448.591895
0.428146, 1250.413542, 274.091081, 290.166243, 1888.788672, 467.487891
0.431398, 1211.786589, 258.619255, 280.084635, 1824.892578, 445.380827
0.429372, 1219.718359, 266.584538, 281.930664, 1841.640755, 450.548568
0.423637, 1215.337240, 264.250163, 282.183724, 1872.887240, 449.499284
0.425933, 1205.388411, 269.558073, 277.299089, 1842.406901, 440.732943
0.425996, 1219.010026, 266.544466, 281.457161, 1860.878776, 452.673047
0.432046, 1160.401172, 254.963916, 270.309587, 1730.279687, 430.276497
0.432447, 1183.242448, 252.632422, 271.212516, 1781.737630, 430.575260
0.429185, 1181.271484, 253.504915, 273.968164, 1788.495312, 436.388216
0.430146, 1156.195052, 252.105078, 264.540137, 1753.871615, 417.398340
0.428194, 1160.001823, 251.835498, 267.135010, 1763.323307, 426.761296
0.430595, 1230.280469, 268.833089, 285.877832, 1851.642708, 450.810026
0.428685, 1202.230859, 266.007894, 278.398014, 1822.116146, 437.938053
0.429802, 1237.095182, 270.500195, 280.952767, 1865.349609, 461.488965
0.426391, 1196.292318, 269.056429, 283.054004, 1814.127083, 439.383724
0.422202, 1205.949089, 265.325309, 284.181250, 1859.978906, 446.849512
0.430626, 1204.229427, 259.244189, 276.694466, 1826.072656, 434.453353
0.430203, 1211.279557, 264.990218, 277.189290, 1815.584115, 457.837467
0.430697, 1201.764974, 254.636963, 282.764941, 1819.564714, 433.311230
0.423773, 1182.738281, 259.291081, 276.330859, 1817.548828, 437.799674
0.430399, 1196.356510, 259.142155, 272.498291, 1810.745443, 437.258561
0.429028, 1190.415625, 254.367806, 277.006608, 1804.322266, 438.986165
0.452806, 1289.412630, 271.750635, 285.509928, 1846.188542, 444.155632
0.427961, 1259.932292, 275.000358, 292.536426, 1915.619010, 460.881152
0.426751, 1231.005078, 266.398812, 285.754525, 1878.598568, 453.845996
0.435026, 1245.222266, 268.679248, 285.363672, 1857.421094, 450.946224
0.425465, 1216.416536, 264.724967, 288.004492, 1859.176693, 447.123210
0.434800, 1213.173307, 259.200765, 277.787793, 1810.297005, 442.900944
0.432994, 1232.607292, 269.205241, 279.186198, 1853.141146, 445.173763
0.430681, 1166.250781, 257.980176, 267.532471, 1751.703255, 430.703581
0.429569, 1209.765755, 257.829297, 278.018555, 1835.432161, 444.949382
0.423342, 1211.578385, 270.577279, 280.869271, 1862.343880, 448.148372
0.429544, 1215.089193, 268.083317, 285.307813, 1837.141797, 438.257617
0.433202, 1179.604036, 257.883724, 272.634961, 1755.326693, 437.140430
0.424441, 1208.636719, 264.286768, 288.055566, 1842.396875, 452.858724
0.427012, 1190.149870, 259.621533, 278.227311, 1809.021615, 440.289486
0.427648, 1186.743229, 255.253792, 282.799512, 1804.072526, 432.922721
0.430348, 1227.909245, 266.731673, 285.415104, 1847.450391, 453.696289
0.424133, 1223.385677, 265.365088, 284.946712, 1873.637891, 460.487142
0.429115, 1216.001953, 268.085400, 289.729395, 1833.371484, 442.560026
0.428921, 1216.480599, 267.940332, 291.230566, 1828.689583, 448.280729
0.433862, 1252.832682, 277.040202, 292.201758, 1856.002995, 462.386426
0.430961, 1255.586589, 269.193880, 293.081576, 1883.633073, 467.546582
0.427171, 1267.041016, 279.399414, 304.982031, 1915.749219, 465.990690
0.432269, 1279.385156, 274.943457, 305.810286, 1909.207161, 469.737793
0.426140, 1278.128516, 284.426725, 296.358529, 1932.681641, 485.850195
0.428801, 1236.393620, 281.344889, 294.622233, 1845.496224, 461.911100
0.425788, 1262.345052, 284.863021, 306.485091, 1909.967057, 463.408431
0.430278, 1238.056510, 270.422998, 300.094661, 1854.583724, 452.236523
0.431125, 1239.940495, 273.306641, 286.574740, 1843.812760, 472.360645
0.365983, 1125.079375, 240.694707, 266.662871, 2110.192344, 456.578477
0.366239, 1136.190625, 244.397188, 260.303145, 2145.581250, 452.040820
0.376271, 1144.232578, 241.867930, 259.962266, 2097.216562, 441.935430
0.371735, 1167.176172, 250.476289, 266.091328, 2169.192031, 454.044531
0.373779, 1178.748047, 249.179746, 267.432891, 2175.169844, 461.812695
0.377279, 1269.568594, 269.285723, 280.615508, 2326.990469, 488.173008
0.376122, 1196.199687, 244.595840, 275.711797, 2200.754531, 459.283906
0.373858, 1206.630938, 254.567266, 276.442207, 2229.462500, 467.036719
0.369602, 1219.856250, 260.937129, 282.723848, 2276.190625, 480.611211
0.364004, 1185.253438, 252.212012, 279.458418, 2253.770000, 470.717500
0.369811, 1179.175469, 249.745508, 267.870195, 2216.382812, 454.590937
0.373031, 1196.424219, 256.476191, 278.928535, 2209.393125, 462.504336
0.372461, 1236.233281, 265.345625, 278.347070, 2292.690469, 482.710156
0.372331, 1229.841719, 265.772344, 283.157949, 2278.592969, 475.564883
0.372861, 1211.501172, 259.667305, 277.113008, 2225.997812, 486.426523
0.363785, 1225.065547, 263.434453, 292.019883, 2317.849688, 494.246211
0.371679, 1172.877734, 246.484590, 268.485293, 2185.819531, 454.833906
0.370028, 1211.328281, 267.125625, 279.598320, 2255.070625, 471.818672
0.375804, 1160.477422, 243.515117, 264.062910, 2128.554531, 451.853828
0.377239, 1203.363281, 252.125840, 270.317168, 2206.588750, 460.894844
0.371550, 1192.360859, 250.727422, 273.440430, 2212.163281, 472.825391
0.375647, 1275.178594, 271.682598, 288.845195, 2337.191875, 496.897187
0.377277, 1294.513359, 273.088672, 295.725059, 2361.722969, 500.667930
0.369778, 1116.951328, 240.356719, 258.185664, 2077.569219, 444.490430
0.373507, 1230.530234, 257.539746, 281.920410, 2280.886094, 474.187031
0.376768, 1184.346172, 254.408984, 266.451387, 2164.178125, 458.398242
0.375526, 1219.522187, 261.155586, 283.065371, 2232.417812, 470.865352
0.381988, 1256.099062, 261.312891, 280.830664, 2270.239531, 475.940703
0.377605, 1308.896484, 277.309434, 295.162852, 2394.511250, 499.323789
0.376066, 1347.398750, 282.998945, 303.630684, 2467.021094, 529.226406
0.368846, 1306.287734, 275.394648, 306.788008, 2446.753750, 512.617969
0.371560, 1292.631641, 282.407227, 294.741426, 2391.729375, 510.051602
0.371459, 1273.400000, 272.165996, 290.615957, 2371.866562, 493.456328
0.375698, 1300.813672, 277.553750, 297.862949, 2388.047500, 498.931523
0.375647, 1339.564687, 276.906387, 303.708984, 2465.687500, 519.718281
0.370107, 1275.732031, 273.677891, 292.245254, 2382.629531, 498.375938
0.366878, 1257.260547, 271.007402, 289.023535, 2373.059375, 493.831172
0.369259, 1241.176094, 261.194980, 294.328145, 2314.128594, 491.609375
0.369599, 1292.858125, 275.964727, 298.334785, 2417.796563, 505.902852
0.367970, 1263.270781, 271.614961, 282.704746, 2377.178594, 501.579453
0.374123, 1288.411875, 272.800508, 288.363320, 2370.179531, 512.476758
0.364717, 1299.910781, 287.602578, 309.035859, 2439.865313, 527.658672
0.367776, 1280.128125, 275.103086, 302.243164, 2391.082031, 512.300195
0.371551, 1286.984141, 276.968516, 296.842148, 2378.900000, 511.103008
0.372208, 1300.533281, 278.825938, 297.968086, 2410.348125, 506.961641
0.370168, 1309.647266, 287.896719, 300.799531, 2436.118437, 513.165820
0.373642, 1257.900703, 264.302031, 287.659922, 2325.076250, 489.552734
0.373649, 1307.786641, 273.894844, 303.750391, 2412.731719, 509.659258
0.373893, 1344.380156, 287.611758, 312.632832, 2477.289219, 518.092734
0.373927, 1292.599766, 276.942949, 297.924434, 2381.799063, 500.155742
0.371256, 1277.075781, 275.815527, 292.808066, 2361.397344, 509.859492
0.371023, 1309.185703, 273.171465, 303.903242, 2438.072656, 513.440508
0.372127, 1316.742969, 281.547988, 297.899844, 2448.131406, 510.848672
0.374913, 786.306875, 163.742334, 179.444082, 1446.774844, 307.341699
0.372925, 752.263125, 163.585859, 168.573652, 1394.140469, 290.899434
0.372067, 658.605469, 140.862910, 155.119463, 1219.547969, 254.597324
0.369962, 835.700391, 182.789336, 186.365527, 1565.005156, 324.724414
0.370015, 840.765781, 185.431758, 195.524297, 1559.875625, 331.415078
0.366580, 784.725156, 162.988848, 179.320273, 1495.527188, 302.829941
0.373089, 797.087734, 163.524434, 184.187832, 1477.921406, 310.820684
0.377255, 802.207188, 166.799375, 184.630254, 1472.636094, 302.367676
0.380094, 808.162500, 176.464805, 177.800117, 1464.984531, 306.970234
0.372106, 835.513203, 178.850937, 189.129531, 1561.057344, 316.324297
0.375643, 882.981250, 182.659102, 197.113105, 1628.335313, 342.479023
0.381046, 935.135937, 195.867754, 206.279629, 1694.239375, 357.744609
0.369952, 847.173047, 182.487969, 193.432168, 1585.136406, 328.897266
0.384696, 886.304062, 186.117129, 196.352930, 1596.056406, 325.383535
0.373811, 817.769141, 172.976680, 177.256016, 1514.006562, 323.413613
0.377091, 825.893203, 173.297051, 185.368906, 1512.008594, 319.495547
0.378599, 840.007812, 173.377148, 187.108574, 1541.996562, 316.242070
0.371545, 726.830234, 151.537920, 170.712168, 1352.253125, 281.736797
0.375800, 739.281484, 161.225254, 165.544258, 1358.193594, 282.254844
0.377293, 867.843828, 183.519492, 194.940430, 1587.596719, 334.129453
0.377550, 788.798437, 162.567568, 177.103184, 1452.356563, 297.229336
0.377305, 716.827578, 150.781299, 162.226855, 1311.978594, 274.878145
0.372380, 823.640156, 175.744961, 193.816250, 1525.217969, 317.045820
0.378950, 815.206016, 168.965801, 187.310488, 1484.617188, 310.328691
0.374265, 834.930469, 173.639590, 193.524980, 1538.203906, 325.486895
0.383322, 659.677266, 139.516074, 149.342461, 1180.231875, 251.858750
0.375201, 897.779297, 195.090371, 203.797598, 1645.164844, 348.741094
0.371895, 714.381953, 151.027021, 163.771592, 1327.098906, 279.024180
0.374707, 720.343594, 156.371631, 167.696270, 1328.834063, 269.514805
0.375900, 694.740234, 146.454551, 160.846416, 1266.964453, 273.937949
0.379091, 849.810938, 176.108125, 192.390781, 1542.737813, 330.468945
0.376524, 684.536953, 147.008037, 154.976699, 1259.079375, 256.980820
0.383259, 796.573359, 163.161787, 176.337949, 1440.361094, 298.557090
0.380040, 843.912812, 177.146895, 188.236445, 1533.084844, 322.121641
0.388648, 756.756484, 151.147910, 161.684277, 1344.438125, 289.882207
0.372907, 832.282500, 176.160859, 187.044180, 1542.627969, 326.044707
0.379977, 555.393047, 117.010117, 121.600742, 1010.604531, 212.434746
0.381112, 779.902812, 159.288330, 172.134531, 1422.565156, 292.401797
0.376667, 832.136250, 174.817012, 186.635684, 1527.956094, 319.801621
0.378852, 805.950391, 170.425098, 178.631914, 1463.355937, 314.938398
0.375777, 830.340547, 173.875254, 196.628594, 1520.069688, 319.088770
0.373926, 880.097969, 185.477910, 197.143418, 1631.337344, 339.711250
0.384842, 873.655234, 184.918809, 193.773086, 1568.407031, 323.064687
0.390464, 808.872500, 165.320781, 176.336211, 1426.769375, 303.141113
0.377202, 931.921484, 199.037539, 204.456055, 1693.216406, 373.906836
0.373402, 929.227734, 194.324160, 203.451797, 1719.930938, 370.841250
0.393210, 952.981328, 189.274258, 206.092598, 1677.311719, 350.912383
0.386942, 867.371719, 179.731738, 191.407988, 1548.134219, 322.333535
0.383072, 959.371719, 200.626309, 210.171211, 1728.169375, 365.451563
0.386367, 1002.671250, 201.767188, 217.992715, 1801.406406, 373.961367
0.390884, 960.861406, 195.248574, 207.766191, 1698.869844, 356.288047
0.395341, 858.664766, 167.370488, 177.990000, 1506.354531, 320.247324
0.388773, 1052.030391, 214.204238, 225.655391, 1876.843906, 389.322383
0.386615, 978.174609, 203.508691, 215.170898, 1749.833750, 361.589492
0.390187, 926.276797, 186.988516, 202.238555, 1642.233125, 342.471836
0.390037, 848.026250, 173.903965, 181.469238, 1498.038438, 320.807617
0.391401, 831.816406, 165.339473, 178.217187, 1471.266406, 310.402695
0.391164, 1056.514141, 215.496504, 220.777734, 1875.379375, 389.293906
0.402258, 922.885313, 182.966680, 193.418340, 1582.176094, 335.701523
0.393399, 857.520625, 171.330840, 182.793848, 1509.634687, 316.016660
0.387614, 1038.332969, 209.472773, 220.736875, 1861.403594, 387.169180
0.386841, 965.379219, 192.862637, 207.055195, 1731.883125, 363.742109
0.384740, 1060.375078, 213.951777, 234.854121, 1903.087969, 404.190898
0.380928, 957.661719, 200.794043, 212.364297, 1738.402344, 362.464805
0.384381, 1063.820156, 219.118848, 232.996855, 1921.846719, 393.659453
0.384092, 949.399219, 198.597930, 206.793379, 1711.182969, 355.227227
0.378127, 1029.331836, 218.700472, 225.828711, 1882.399870, 395.254883
0.375210, 986.183398, 211.522770, 219.110547, 1808.935026, 388.785254
0.379615, 966.852083, 204.438460, 214.945882, 1759.279297, 368.265625
0.377817, 1009.692773, 211.288672, 224.825749, 1843.612240, 392.709473
0.377354, 1023.914583, 211.994255, 229.845752, 1879.438021, 392.127799
0.375704, 1013.516797, 206.289453, 231.092367, 1868.465885, 391.801562
0.375958, 938.822005, 197.508610, 204.790951, 1732.325260, 362.521387
0.380394, 938.315104, 193.953451, 209.185205, 1704.641536, 358.909603
0.380119, 979.416602, 200.384977, 215.947314, 1783.956641, 376.319141
0.379120, 890.394206, 187.555127, 201.315934, 1616.782292, 342.930371
0.379004, 679.513281, 146.083659, 154.376497, 1233.319141, 259.111882
0.379236, 712.226172, 150.743669, 162.723584, 1294.945833, 269.642920
0.375798, 686.689323, 148.638037, 154.174788, 1260.636068, 263.833675
0.378987, 315.451790, 69.439266, 72.679924, 565.489388, 124.745605
0.383553, 489.920671, 100.063525, 107.303052, 877.587109, 192.368359
0.379810, 467.793848, 99.434945, 104.389478, 842.572005, 185.254313
0.385358, 488.429232, 99.618660, 108.638411, 873.036198, 186.175732
0.384723, 331.139909, 69.978540, 67.777319, 598.525521, 124.442114
0.373175, 534.895866, 111.572209, 121.520011, 990.899023, 209.374951
0.377158, 210.521761, 42.113989, 46.440942, 386.029915, 83.594214
0.381808, 237.650098, 47.266154, 52.419454, 429.520052, 93.227140
0.374809, 466.865234, 96.596859, 106.858960, 860.758464, 181.395654
0.382760, 428.372168, 87.014738, 91.472762, 775.806380, 164.871924
0.377449, 377.021257, 82.225098, 82.275496, 690.143099, 144.222038
0.401440, 1038.473750, 235.789844, 242.911230, 1702.211094, 405.958047
0.406617, 1019.691016, 223.362559, 237.204609, 1653.778125, 393.398008
0.409735, 1018.231250, 221.351348, 228.136973, 1648.136094, 387.471992
0.407905, 999.463906, 217.495996, 227.622695, 1620.467813, 384.653398
0.419507, 1095.495000, 233.544512, 243.092715, 1728.989219, 405.757305
0.410361, 1013.849297, 218.508379, 237.217676, 1628.899844, 386.003203
0.410222, 1085.895625, 226.832422, 253.376113, 1760.632031, 406.249922
0.407415, 1036.694062, 225.551016, 237.800156, 1685.259687, 395.954805
0.405189, 1053.656563, 228.130527, 243.023535, 1725.020469, 404.232266
0.404729, 1095.662969, 243.044883, 253.246934, 1799.650156, 411.209961
0.401497, 1045.402734, 224.571484, 243.697871, 1732.450781, 403.043555
0.406613, 1084.756172, 230.664531, 251.782109, 1779.850781, 405.486250
0.417578, 1160.427656, 243.418457, 260.187539, 1846.161406, 429.178789
0.413450, 1126.367578, 241.508555, 256.218125, 1794.682031, 431.905000
0.411400, 1129.050000, 239.574102, 259.696680, 1828.537656, 416.598789
0.409071, 1063.608906, 230.299141, 239.381328, 1737.659219, 392.718281
0.412819, 1169.593281, 249.986094, 269.159844, 1873.006562, 441.036914
0.412320, 1143.263906, 241.937324, 264.351367, 1839.473281, 426.999961
0.412968, 1077.375859, 229.760527, 241.096973, 1740.642812, 397.362266
0.410604, 1064.683750, 230.821582, 239.827852, 1730.011094, 392.308984
0.410102, 1120.343828, 236.104141, 257.128105, 1816.949375, 421.687305
0.403882, 1124.141406, 244.037715, 253.654277, 1860.567344, 425.081094
0.416119, 1142.452812, 241.679180, 253.743691, 1829.245000, 420.830352
0.409217, 1082.220391, 226.862207, 248.517598, 1765.267812, 403.964141
0.404217, 1097.406797, 234.245059, 255.325430, 1805.905313, 419.420273
0.416810, 1207.336016, 249.319824, 269.644570, 1922.483281, 455.161445
0.403919, 1138.653672, 246.108867, 256.979805, 1888.885937, 427.036914
0.411270, 1196.145000, 254.378965, 269.513203, 1941.922969, 442.602109
0.409726, 1139.235938, 238.450645, 253.895293, 1866.953906, 421.179258
0.410950, 1142.751641, 244.526855, 261.198535, 1844.334063, 430.698359
0.405500, 1039.228750, 219.718223, 241.066230, 1707.592969, 394.457422
0.407967, 1142.196563, 248.462187, 252.573496, 1869.416719, 429.272148
0.405280, 1146.026406, 239.013711, 258.043750, 1903.395625, 427.283555
0.411657, 1158.348672, 243.736719, 267.847891, 1876.072500, 426.213906
0.404674, 1139.356953, 240.362656, 267.015352, 1884.067031, 424.050703
0.414043, 1144.462734, 242.086758, 261.345293, 1839.605313, 421.081289
0.411166, 1111.702344, 235.070977, 248.989102, 1811.284062, 408.436523
0.404673, 1099.198203, 229.594102, 251.228125, 1819.297812, 416.142344
0.405373, 1159.243516, 250.371250, 265.761895, 1901.950469, 441.609297
0.409074, 1139.936250, 240.434492, 261.730430, 1860.299219, 424.161797
0.415470, 1138.505859, 240.404922, 256.579727, 1815.411094, 427.889766
0.409422, 1148.109766, 250.120273, 262.144609, 1861.697344, 430.255547
0.413056, 1108.069688, 242.313047, 252.426191, 1774.002500, 413.871445
0.403751, 1072.344609, 234.661094, 246.919785, 1779.065000, 395.306797
0.409882, 1161.551797, 249.179414, 267.952109, 1881.412656, 435.322109
0.403775, 1185.731406, 260.211348, 274.206133, 1962.240937, 439.953828
0.414717, 1206.422266, 257.626113, 270.347227, 1927.275781, 453.773281
0.413973, 1218.157734, 260.256562, 277.025000, 1956.453594, 448.864766
0.409255, 1216.703828, 261.107598, 276.500820, 1985.022656, 450.342109
0.417062, 1214.696016, 260.592715, 269.099063, 1931.286094, 451.526719
0.421367, 1257.005781, 265.965918, 281.965605, 1972.595313, 462.636055
0.413254, 1247.831719, 262.457852, 285.159238, 2010.156094, 461.752305
0.410934, 1164.812109, 243.747480, 263.995488, 1893.646563, 433.161250
0.412657, 1161.399375, 247.414531, 263.727539, 1871.655313, 431.647227
0.413285, 1214.768281, 264.064863, 278.578926, 1942.899219, 453.755195
0.410679, 1224.115078, 249.451992, 277.937227, 1996.947813, 456.369531
0.408640, 1218.798672, 256.920703, 275.097852, 1990.386563, 460.168867
0.412715, 1245.798047, 260.640449, 280.994805, 2019.203906, 457.702617
0.413808, 1263.608359, 270.452012, 286.870000, 2023.202656, 473.086016
0.406568, 1225.244453, 260.043301, 280.202227, 2014.859844, 458.523281
0.405279, 1240.210625, 269.719023, 286.440000, 2039.222969, 464.759414
0.411258, 1237.300703, 268.236895, 283.045820, 2007.060156, 450.230000
0.407015, 1240.401172, 265.504727, 282.764980, 2035.401094, 463.886914
0.409969, 1231.033516, 264.158750, 283.587305, 1998.883750, 456.118945
0.408810, 1197.949922, 248.656074, 276.233125, 1961.069062, 444.378008
0.401353, 1208.787344, 258.546055, 282.101855, 2014.965156, 456.166562
0.408921, 1239.446172, 263.957109, 285.778770, 2021.157969, 460.124414
0.410138, 1221.634141, 266.146621, 282.905605, 1978.010937, 451.526680
0.404859, 1180.332734, 252.787480, 280.376211, 1954.765938, 427.484453
0.404448, 1251.465156, 267.972539, 287.181152, 2074.541719, 464.559727
0.407029, 1249.150156, 268.363086, 288.090723, 2051.023906, 461.470859
0.406640, 1243.673438, 264.301172, 291.859551, 2041.945625, 460.309922
0.400668, 1220.959609, 266.826074, 286.701211, 2039.127969, 454.651406
0.395835, 1109.478516, 242.205098, 260.789941, 1880.944062, 418.943750
0.404637, 1187.027500, 258.874355, 276.779336, 1959.632656, 438.278320
0.408445, 1178.470078, 253.601641, 263.944414, 1930.289062, 437.426562
0.405085, 1194.930312, 257.006348, 273.094238, 1974.867188, 444.859414
0.403354, 1208.470391, 254.982598, 279.465488, 2009.813906, 451.791797
0.406981, 1204.507891, 255.831895, 279.378984, 1976.313125, 448.091328
0.407643, 1240.592187, 255.214258, 283.519219, 2045.023125, 459.572578
0.406660, 1213.584063, 264.179941, 272.141777, 1994.548125, 453.399141
0.401200, 1222.891016, 265.817910, 274.103848, 2052.044531, 456.115195
0.399086, 1176.087031, 252.345000, 265.035352, 1997.063906, 432.504023
0.403782, 1230.977813, 267.041445, 278.145508, 2041.501250, 461.931992
0.405898, 1247.952031, 267.999043, 280.482422, 2065.519375, 460.545352
0.409285, 1196.891094, 249.087422, 271.783281, 1967.447969, 436.024375
0.405882, 1245.026562, 264.544570, 285.325391, 2060.548750, 457.044297
0.402285, 1259.433750, 279.095215, 286.934434, 2102.865313, 461.807813
0.407350, 1197.810156, 257.375313, 271.756973, 1979.581875, 431.781641
0.405667, 1242.505547, 267.403145, 285.101660, 2065.626563, 444.738906
0.405408, 1313.572187, 285.213359, 287.759687, 2182.018906, 485.133047
0.380889, 1219.358438, 267.110176, 289.514082, 2222.621406, 422.105352
0.386096, 1223.206875, 263.347051, 277.352324, 2211.952031, 415.492227
0.382360, 1281.625391, 274.957012, 292.691152, 2341.377656, 442.856797
0.375204, 987.961406, 236.902207, 237.854961, 1746.918437, 411.457344
0.369550, 1166.854609, 278.143555, 284.308887, 2105.605937, 489.440898
0.369668, 1151.913906, 277.773086, 280.011191, 2068.781719, 489.514453
0.375185, 1197.887266, 278.676230, 289.193770, 2131.876875, 493.044219
0.371015, 1177.616250, 278.457910, 289.252676, 2107.457344, 498.873867
0.373937, 1176.446094, 271.390879, 292.080938, 2095.822344, 486.813516
0.370231, 1144.640078, 273.199336, 286.393008, 2048.322344, 483.780039
0.374622, 1171.307344, 272.530859, 284.623320, 2088.357656, 481.127227
0.369082, 1202.669531, 281.816191, 286.275098, 2184.035313, 506.415586
0.372953, 1206.136953, 281.368555, 299.549141, 2139.946094, 513.153164
0.370712, 1208.407578, 282.929883, 295.184687, 2169.261562, 512.318672
0.380133, 1213.287969, 281.294688, 288.985586, 2117.086875, 504.381094
0.374372, 1156.479063, 270.871484, 274.096328, 2063.573594, 480.579609
0.374001, 1140.872188, 270.864766, 284.240605, 2017.023750, 478.319102
0.379446, 1238.940859, 283.285391, 300.854980, 2174.227969, 506.758906
0.380144, 1233.187500, 283.717734, 297.957266, 2148.375937, 513.953633
0.380520, 1212.957422, 279.892441, 298.013066, 2105.484375, 504.245352
0.363647, 1180.469453, 286.161094, 292.475312, 2160.734375, 506.828984
0.376364, 1211.859219, 287.340781, 294.356758, 2133.094375, 505.117813
0.377951, 1277.193828, 297.507734, 313.002461, 2231.356875, 537.389883
0.372894, 1261.693750, 299.143301, 311.829238, 2247.936719, 524.612852
0.371091, 1289.714609, 301.010996, 315.769395, 2309.988906, 548.699023
0.370266, 1252.208437, 293.234746, 304.210410, 2245.706094, 538.768125
0.378100, 1278.732031, 303.514551, 307.728301, 2242.259844, 528.491172
0.374492, 1232.837812, 291.700859, 312.186641, 2162.810937, 525.330430
0.370025, 1211.440312, 285.784023, 296.267930, 2177.833594, 514.058437
0.379536, 1216.520781, 284.233340, 294.715547, 2116.169063, 510.169727
0.379117, 1237.762109, 287.095625, 301.131133, 2159.797187, 516.835000
0.377391, 1264.542656, 286.418320, 315.032012, 2220.857500, 528.441406
0.376266, 1242.713594, 286.755547, 308.808691, 2198.182813, 509.006758
0.384088, 1276.437500, 293.885684, 306.964355, 2192.895625, 529.549883
0.385217, 1230.145313, 280.506875, 295.336758, 2112.957656, 504.580625
0.378854, 1249.433906, 282.956289, 306.360469, 2191.603594, 517.005937
0.382946, 1231.469297, 277.544883, 294.022285, 2124.859844, 519.349180
0.384016, 1254.794922, 285.117520, 300.665898, 2167.244219, 514.534414
0.380746, 1263.642031, 281.494824, 313.329473, 2211.999219, 512.037461
0.383695, 1252.628281, 282.188320, 307.057051, 2164.113125, 511.289883
0.383585, 1229.973281, 277.084004, 295.705117, 2126.083594, 507.651172
0.386353, 1249.871016, 280.804746, 303.389238, 2139.898125, 510.953867
0.378600, 1288.469609, 294.346270, 316.854531, 2265.283438, 526.764648
0.382189, 1289.418047, 286.218105, 313.069609, 2224.043906, 550.435625
0.387789, 1204.024609, 269.040352, 288.675586, 2044.306250, 502.821914
0.380998, 1223.744844, 269.434375, 298.251953, 2140.717187, 503.544336
0.386790, 1255.439687, 283.634707, 310.335977, 2131.977969, 519.844102
0.386807, 1285.428516, 288.798086, 311.682930, 2189.581094, 533.111641
0.385734, 1269.922344, 286.825312, 309.221660, 2182.003906, 514.173320
0.382493, 1262.732969, 286.984082, 307.352031, 2184.474688, 522.515586
0.385211, 1276.992969, 284.311074, 306.816133, 2199.385156, 524.538047
0.390203, 1272.441016, 293.102676, 304.362813, 2149.972656, 513.530195
0.388153, 1310.027969, 301.209023, 316.878809, 2216.220938, 540.720977
0.382210, 1262.853672, 291.607832, 301.063672, 2192.499531, 518.915117
0.382727, 1260.279375, 290.542207, 299.464551, 2194.791563, 508.095508
0.385947, 1322.362813, 301.694434, 310.326855, 2277.082188, 537.176250
0.387166, 1283.117656, 297.431035, 307.609043, 2177.195781, 531.895977
0.383100, 1246.540391, 289.067031, 297.067109, 2155.119062, 512.570000
0.386235, 1277.377734, 290.986875, 306.098867, 2190.564063, 519.603125
0.384119, 1278.912969, 297.863164, 309.528574, 2186.231094, 535.845430
0.389380, 1299.094141, 293.477207, 305.323672, 2213.672187, 523.838828
0.391376, 1298.304844, 294.881914, 307.189199, 2180.465156, 534.744922
0.388562, 1301.758984, 298.246406, 306.564941, 2209.383594, 535.999102
0.391453, 1322.142500, 291.555117, 314.746680, 2239.141094, 532.083555
0.392206, 1274.234609, 284.821992, 301.681855, 2137.475156, 524.914609
0.390581, 1315.063594, 302.163613, 311.299570, 2222.550625, 530.932109
0.389031, 1263.489531, 288.895137, 300.372148, 2141.221875, 517.299883
0.385594, 1313.611562, 301.733281, 305.818223, 2255.409375, 543.757812
0.394462, 1291.738672, 293.316758, 304.655508, 2149.178906, 527.529531
0.392695, 1331.759063, 304.979219, 311.886484, 2233.597188, 540.869805
0.385664, 1208.415391, 270.726836, 279.887246, 2093.563437, 489.162539
0.393879, 1274.809922, 293.092207, 295.346504, 2133.585625, 514.529141
0.390507, 1273.917344, 289.093301, 303.038750, 2152.982969, 517.102852
0.391843, 1278.864687, 289.893594, 295.392969, 2155.475156, 522.956367
0.395245, 1321.282344, 294.530937, 306.430977, 2210.665312, 531.315234
0.381133, 1267.235859, 288.558730, 309.720859, 2192.198438, 534.437109
0.393953, 1280.456016, 283.424492, 305.865684, 2146.206094, 514.778203
0.388708, 1295.655313, 291.359609, 300.175215, 2218.669844, 523.034063
0.388027, 1330.004375, 300.386992, 321.008613, 2260.008438, 546.206211
0.392260, 1355.209687, 300.747187, 320.761094, 2279.687500, 553.682773
0.384131, 1352.687187, 308.824648, 322.491348, 2344.414375, 545.686953
0.392719, 1385.256406, 313.141914, 331.542266, 2317.174219, 565.489336
0.387300, 1352.242500, 309.943867, 328.937031, 2300.242344, 552.335156
0.396127, 1346.941406, 304.851230, 327.501914, 2221.297344, 546.622500
0.393433, 1303.839609, 297.049707, 316.446035, 2179.600313, 520.907656
0.387882, 1325.716250, 308.604629, 321.038223, 2255.766562, 532.426953
0.395756, 1300.879219, 294.241172, 310.075859, 2160.227969, 522.527500
0.395499, 1331.288906, 298.139648, 320.666777, 2207.828125, 539.468789
0.393592, 1355.547656, 313.704316, 322.960117, 2254.715781, 552.662422
0.386209, 1351.232031, 315.117891, 322.122734, 2309.954844, 551.508789
0.393471, 1373.392188, 308.130137, 325.182617, 2307.170000, 549.972500
0.383202, 1350.379531, 313.306387, 331.734648, 2321.239375, 557.657969
0.393468, 1368.902031, 314.160781, 327.954961, 2285.720156, 551.229180
0.396624, 1317.540469, 288.701621, 315.896699, 2200.632969, 516.659219
0.401538, 1348.058281, 297.522148, 319.700332, 2214.872969, 525.137695
0.393937, 1326.864844, 293.401250, 307.403027, 2251.239687, 516.171133
0.399684, 1340.631875, 298.609297, 319.180430, 2208.205313, 528.237773
0.400844, 1321.394375, 288.702559, 303.065859, 2180.638594, 524.119766
0.399894, 1379.773125, 303.369180, 322.864062, 2286.251094, 537.859102
0.395617, 1384.998281, 308.965625, 316.760645, 2328.182656, 546.950508
0.397670, 1377.435313, 306.100645, 318.237734, 2297.594219, 541.830820
0.397529, 1359.053437, 289.654590, 310.810449, 2280.259062, 538.026953
0.398006, 1381.134219, 296.428691, 315.387539, 2312.992656, 545.322109
0.398212, 1392.655625, 304.457031, 320.764785, 2326.791094, 545.257383
0.399331, 1344.205469, 294.055723, 323.282520, 2225.831719, 522.970156
0.395215, 1374.350156, 293.965117, 329.932148, 2304.107500, 549.471211
0.397989, 1429.151719, 305.294688, 323.804375, 2412.960625, 548.876445
0.402786, 1407.001719, 291.299941, 326.980957, 2326.659844, 548.234687
0.398234, 1393.561094, 308.603809, 325.448164, 2319.143906, 546.153555
0.395315, 1367.860781, 305.634980, 323.795937, 2295.654375, 535.093906
0.398088, 1371.550937, 300.956387, 320.531543, 2289.672500, 534.189102
0.398090, 1432.095000, 310.370137, 345.625273, 2374.028125, 567.395469
0.399042, 1391.944219, 308.501035, 331.973516, 2301.038125, 546.701875
0.402617, 1406.000469, 306.977598, 330.970273, 2303.013906, 551.193437
0.401994, 1368.497031, 295.097500, 313.725332, 2258.135000, 537.314023
0.397319, 1341.189844, 296.217402, 313.905937, 2246.842969, 518.629141
0.402676, 1440.351094, 313.529395, 336.087969, 2363.488281, 563.840352
0.400462, 1400.163594, 301.625879, 324.751543, 2324.294219, 545.695586
0.404340, 1402.138906, 309.416777, 323.280020, 2295.880469, 539.146914
0.405261, 1406.624687, 305.818809, 332.393359, 2284.026875, 548.672852
0.404659, 1413.823594, 315.399316, 325.588047, 2308.392656, 544.487227
0.404603, 1416.665469, 312.593223, 325.928652, 2322.482969, 540.368633
0.399689, 1383.578438, 306.834863, 323.667773, 2289.628750, 541.504453
0.400322, 1409.974688, 314.118965, 325.512012, 2335.779219, 546.687070
0.405790, 1405.007812, 306.614023, 327.474141, 2287.470156, 540.841055
0.400625, 1420.697187, 308.912285, 328.582383, 2361.873281, 546.830703
0.399581, 1431.389375, 311.686328, 335.363789, 2391.681875, 543.490742
0.420353, 1505.804219, 314.151660, 343.778711, 2368.801719, 555.507227
0.412867, 1467.475312, 313.267324, 333.435391, 2359.344531, 548.305313
0.406241, 1444.923281, 306.789746, 334.895547, 2363.296250, 551.828594
0.402760, 1436.207656, 312.287461, 331.470820, 2376.275938, 545.875937
0.403791, 1446.656406, 308.709453, 334.015391, 2378.926562, 561.035938
0.407651, 1445.542656, 315.629082, 331.886094, 2337.613438, 560.897344
0.406776, 1450.447500, 316.665488, 333.489297, 2354.379219, 561.177852
0.403186, 1438.083750, 314.185313, 337.174922, 2362.714219, 552.721758
0.399609, 1456.916875, 323.299258, 350.722578, 2399.726406, 572.108594
0.403195, 1447.438437, 322.648652, 342.706523, 2349.512969, 575.056133
0.405169, 1403.988281, 307.264746, 323.021074, 2294.885156, 540.024922
0.400962, 1402.660625, 312.943184, 322.485215, 2316.028125, 546.785117
0.402267, 1446.618594, 322.588867, 347.987773, 2366.718906, 558.874141
0.409363, 1462.853906, 317.550566, 349.856250, 2338.890625, 567.191758
0.404921, 1451.940312, 321.601777, 345.602070, 2355.481406, 563.047695
0.408463, 1438.161719, 311.513770, 335.183867, 2332.700625, 541.510352
0.405605, 1346.541094, 288.733730, 308.997539, 2200.594531, 521.511602
0.403178, 1394.032500, 304.031660, 324.426562, 2291.368906, 537.783672
0.405574, 1432.159531, 309.331875, 344.013359, 2333.100469, 544.749961
0.399461, 1418.770156, 308.441777, 331.591953, 2364.183594, 547.493242
0.409186, 1393.255156, 296.303730, 312.826797, 2252.833125, 542.983008
